-6.681120376634291924e-02 1.912182728484987382e-01 -2.564935868730866542e-01 -6.757914863722042087e-02 -1.781632100435811550e-01 2.518859176478215889e-01 -7.679448708775048812e-04 9.445721911793311665e-02 -1.228711793404007810e-02 -6.911503837897544147e-03 5.736548185454961590e-01 -1.075122819228506943e+00 -6.197315107981464788e-01 -6.143558967020039049e-03 -5.375614096142534819e-03 9.215338450530059441e-03 -5.890137159630463026e-01 1.075122819228506943e+00 6.197315107981464788e-01 1.919862177193762051e-02
4.931887962336571340e-01 1.912182728484987382e-01 -2.564935868730866542e-01 5.724208513627796480e-01 -1.781632100435811550e-01 2.518859176478215889e-01 -7.679448708775048812e-04 9.445721911793311665e-02 -1.228711793404007810e-02 -6.911503837897544147e-03 1.133654818545495990e+00 -1.075122819228506943e+00 1.002684892018535640e-01 -6.143558967020039049e-03 -5.375614096142534819e-03 9.215338450530059441e-03 2.909862840369537573e-01 8.351228192285070628e-01 1.079463021596292815e+00 1.919862177193762051e-02
7.080451709490594991e-01 3.824365456969974764e-01 -5.129871737461733083e-01 -8.293804605477053116e-01 -3.563264200871623100e-01 5.037718352956431778e-01 -1.535889741755009762e-03 1.889144382358662333e-01 -2.457423586808015620e-02 -1.382300767579508829e-02 1.147309637090992318e+00 -2.150245638457013886e+00 -1.239463021596292958e+00 -1.228711793404007810e-02 -1.075122819228506964e-02 1.843067690106011888e-02 -1.178027431926092605e+00 2.150245638457013886e+00 1.239463021596292958e+00 3.839724354387524102e-02
-5.724208513627796480e-01 1.781632100435811550e-01 -2.518859176478215889e-01 -4.931887962336571340e-01 -1.912182728484987382e-01 2.564935868730866542e-01 7.679448708775048812e-04 9.445721911793311665e-02 5.375614096142534819e-03 -9.215338450530059441e-03 -2.909862840369537573e-01 -8.351228192285070628e-01 -1.079463021596292815e+00 -1.919862177193762051e-02 1.228711793404007810e-02 6.911503837897544147e-03 -1.133654818545495990e+00 1.075122819228506943e+00 -1.002684892018535640e-01 6.143558967020039049e-03
7.080451709490594991e-01 3.824365456969974764e-01 -5.129871737461733083e-01 -8.293804605477053116e-01 -3.563264200871623100e-01 5.037718352956431778e-01 -1.535889741755009762e-03 1.889144382358662333e-01 -2.457423586808015620e-02 -1.382300767579508829e-02 1.147309637090992318e+00 -2.150245638457013886e+00 -1.239463021596292958e+00 -1.228711793404007810e-02 -1.075122819228506964e-02 1.843067690106011888e-02 -1.178027431926092605e+00 2.150245638457013886e+00 1.239463021596292958e+00 3.839724354387524102e-02
4.931887962336571340e-01 1.912182728484987382e-01 -2.564935868730866542e-01 5.724208513627796480e-01 -1.781632100435811550e-01 2.518859176478215889e-01 -7.679448708775048812e-04 9.445721911793311665e-02 -1.228711793404007810e-02 -6.911503837897544147e-03 1.133654818545495990e+00 -1.075122819228506943e+00 1.002684892018535640e-01 -6.143558967020039049e-03 -5.375614096142534819e-03 9.215338450530059441e-03 2.909862840369537573e-01 8.351228192285070628e-01 1.079463021596292815e+00 1.919862177193762051e-02
7.080451709490594991e-01 3.824365456969974764e-01 -5.129871737461733083e-01 -8.293804605477053116e-01 -3.563264200871623100e-01 5.037718352956431778e-01 -1.535889741755009762e-03 1.889144382358662333e-01 -2.457423586808015620e-02 -1.382300767579508829e-02 1.147309637090992318e+00 -2.150245638457013886e+00 -1.239463021596292958e+00 -1.228711793404007810e-02 -1.075122819228506964e-02 1.843067690106011888e-02 -1.178027431926092605e+00 2.150245638457013886e+00 1.239463021596292958e+00 3.839724354387524102e-02
-5.724208513627796480e-01 1.781632100435811550e-01 -2.518859176478215889e-01 -4.931887962336571340e-01 -1.912182728484987382e-01 2.564935868730866542e-01 7.679448708775048812e-04 9.445721911793311665e-02 5.375614096142534819e-03 -9.215338450530059441e-03 -2.909862840369537573e-01 -8.351228192285070628e-01 -1.079463021596292815e+00 -1.919862177193762051e-02 1.228711793404007810e-02 6.911503837897544147e-03 -1.133654818545495990e+00 1.075122819228506943e+00 -1.002684892018535640e-01 6.143558967020039049e-03
7.080451709490594991e-01 3.824365456969974764e-01 -5.129871737461733083e-01 -8.293804605477053116e-01 -3.563264200871623100e-01 5.037718352956431778e-01 -1.535889741755009762e-03 1.889144382358662333e-01 -2.457423586808015620e-02 -1.382300767579508829e-02 1.147309637090992318e+00 -2.150245638457013886e+00 -1.239463021596292958e+00 -1.228711793404007810e-02 -1.075122819228506964e-02 1.843067690106011888e-02 -1.178027431926092605e+00 2.150245638457013886e+00 1.239463021596292958e+00 3.839724354387524102e-02
4.931887962336571340e-01 1.912182728484987382e-01 -2.564935868730866542e-01 5.724208513627796480e-01 -1.781632100435811550e-01 2.518859176478215889e-01 -7.679448708775048812e-04 9.445721911793311665e-02 -1.228711793404007810e-02 -6.911503837897544147e-03 1.133654818545495990e+00 -1.075122819228506943e+00 1.002684892018535640e-01 -6.143558967020039049e-03 -5.375614096142534819e-03 9.215338450530059441e-03 2.909862840369537573e-01 8.351228192285070628e-01 1.079463021596292815e+00 1.919862177193762051e-02
7.080451709490594991e-01 3.824365456969974764e-01 -5.129871737461733083e-01 -8.293804605477053116e-01 -3.563264200871623100e-01 5.037718352956431778e-01 -1.535889741755009762e-03 1.889144382358662333e-01 -2.457423586808015620e-02 -1.382300767579508829e-02 1.147309637090992318e+00 -2.150245638457013886e+00 -1.239463021596292958e+00 -1.228711793404007810e-02 -1.075122819228506964e-02 1.843067690106011888e-02 -1.178027431926092605e+00 2.150245638457013886e+00 1.239463021596292958e+00 3.839724354387524102e-02
-5.724208513627796480e-01 1.781632100435811550e-01 -2.518859176478215889e-01 -4.931887962336571340e-01 -1.912182728484987382e-01 2.564935868730866542e-01 7.679448708775048812e-04 9.445721911793311665e-02 5.375614096142534819e-03 -9.215338450530059441e-03 -2.909862840369537573e-01 -8.351228192285070628e-01 -1.079463021596292815e+00 -1.919862177193762051e-02 1.228711793404007810e-02 6.911503837897544147e-03 -1.133654818545495990e+00 1.075122819228506943e+00 -1.002684892018535640e-01 6.143558967020039049e-03
7.080451709490594991e-01 3.824365456969974764e-01 -5.129871737461733083e-01 -8.293804605477053116e-01 -3.563264200871623100e-01 5.037718352956431778e-01 -1.535889741755009762e-03 1.889144382358662333e-01 -2.457423586808015620e-02 -1.382300767579508829e-02 1.147309637090992318e+00 -2.150245638457013886e+00 -1.239463021596292958e+00 -1.228711793404007810e-02 -1.075122819228506964e-02 1.843067690106011888e-02 -1.178027431926092605e+00 2.150245638457013886e+00 1.239463021596292958e+00 3.839724354387524102e-02
4.931887962336571340e-01 1.912182728484987382e-01 -2.564935868730866542e-01 5.724208513627796480e-01 -1.781632100435811550e-01 2.518859176478215889e-01 -7.679448708775048812e-04 9.445721911793311665e-02 -1.228711793404007810e-02 -6.911503837897544147e-03 1.133654818545495990e+00 -1.075122819228506943e+00 1.002684892018535640e-01 -6.143558967020039049e-03 -5.375614096142534819e-03 9.215338450530059441e-03 2.909862840369537573e-01 8.351228192285070628e-01 1.079463021596292815e+00 1.919862177193762051e-02
7.080451709490594991e-01 3.824365456969974764e-01 -5.129871737461733083e-01 -8.293804605477053116e-01 -3.563264200871623100e-01 5.037718352956431778e-01 -1.535889741755009762e-03 1.889144382358662333e-01 -2.457423586808015620e-02 -1.382300767579508829e-02 1.147309637090992318e+00 -2.150245638457013886e+00 -1.239463021596292958e+00 -1.228711793404007810e-02 -1.075122819228506964e-02 1.843067690106011888e-02 -1.178027431926092605e+00 2.150245638457013886e+00 1.239463021596292958e+00 3.839724354387524102e-02
-5.724208513627796480e-01 1.781632100435811550e-01 -2.518859176478215889e-01 -4.931887962336571340e-01 -1.912182728484987382e-01 2.564935868730866542e-01 7.679448708775048812e-04 9.445721911793311665e-02 5.375614096142534819e-03 -9.215338450530059441e-03 -2.909862840369537573e-01 -8.351228192285070628e-01 -1.079463021596292815e+00 -1.919862177193762051e-02 1.228711793404007810e-02 6.911503837897544147e-03 -1.133654818545495990e+00 1.075122819228506943e+00 -1.002684892018535640e-01 6.143558967020039049e-03
7.080451709490594991e-01 3.824365456969974764e-01 -5.129871737461733083e-01 -8.293804605477053116e-01 -3.563264200871623100e-01 5.037718352956431778e-01 -1.535889741755009762e-03 1.889144382358662333e-01 -2.457423586808015620e-02 -1.382300767579508829e-02 1.147309637090992318e+00 -2.150245638457013886e+00 -1.239463021596292958e+00 -1.228711793404007810e-02 -1.075122819228506964e-02 1.843067690106011888e-02 -1.178027431926092605e+00 2.150245638457013886e+00 1.239463021596292958e+00 3.839724354387524102e-02
4.931887962336571340e-01 1.912182728484987382e-01 -2.564935868730866542e-01 5.724208513627796480e-01 -1.781632100435811550e-01 2.518859176478215889e-01 -7.679448708775048812e-04 9.445721911793311665e-02 -1.228711793404007810e-02 -6.911503837897544147e-03 1.133654818545495990e+00 -1.075122819228506943e+00 1.002684892018535640e-01 -6.143558967020039049e-03 -5.375614096142534819e-03 9.215338450530059441e-03 2.909862840369537573e-01 8.351228192285070628e-01 1.079463021596292815e+00 1.919862177193762051e-02
7.080451709490594991e-01 3.824365456969974764e-01 -5.129871737461733083e-01 -8.293804605477053116e-01 -3.563264200871623100e-01 5.037718352956431778e-01 -1.535889741755009762e-03 1.889144382358662333e-01 -2.457423586808015620e-02 -1.382300767579508829e-02 1.147309637090992318e+00 -2.150245638457013886e+00 -1.239463021596292958e+00 -1.228711793404007810e-02 -1.075122819228506964e-02 1.843067690106011888e-02 -1.178027431926092605e+00 2.150245638457013886e+00 1.239463021596292958e+00 3.839724354387524102e-02
-5.724208513627796480e-01 1.781632100435811550e-01 -2.518859176478215889e-01 -4.931887962336571340e-01 -1.912182728484987382e-01 2.564935868730866542e-01 7.679448708775048812e-04 9.445721911793311665e-02 5.375614096142534819e-03 -9.215338450530059441e-03 -2.909862840369537573e-01 -8.351228192285070628e-01 -1.079463021596292815e+00 -1.919862177193762051e-02 1.228711793404007810e-02 6.911503837897544147e-03 -1.133654818545495990e+00 1.075122819228506943e+00 -1.002684892018535640e-01 6.143558967020039049e-03
7.080451709490594991e-01 3.824365456969974764e-01 -5.129871737461733083e-01 -8.293804605477053116e-01 -3.563264200871623100e-01 5.037718352956431778e-01 -1.535889741755009762e-03 1.889144382358662333e-01 -2.457423586808015620e-02 -1.382300767579508829e-02 1.147309637090992318e+00 -2.150245638457013886e+00 -1.239463021596292958e+00 -1.228711793404007810e-02 -1.075122819228506964e-02 1.843067690106011888e-02 -1.178027431926092605e+00 2.150245638457013886e+00 1.239463021596292958e+00 3.839724354387524102e-02
4.931887962336571340e-01 1.912182728484987382e-01 -2.564935868730866542e-01 5.724208513627796480e-01 -1.781632100435811550e-01 2.518859176478215889e-01 -7.679448708775048812e-04 9.445721911793311665e-02 -1.228711793404007810e-02 -6.911503837897544147e-03 1.133654818545495990e+00 -1.075122819228506943e+00 1.002684892018535640e-01 -6.143558967020039049e-03 -5.375614096142534819e-03 9.215338450530059441e-03 2.909862840369537573e-01 8.351228192285070628e-01 1.079463021596292815e+00 1.919862177193762051e-02
7.080451709490594991e-01 3.824365456969974764e-01 -5.129871737461733083e-01 -8.293804605477053116e-01 -3.563264200871623100e-01 5.037718352956431778e-01 -1.535889741755009762e-03 1.889144382358662333e-01 -2.457423586808015620e-02 -1.382300767579508829e-02 1.147309637090992318e+00 -2.150245638457013886e+00 -1.239463021596292958e+00 -1.228711793404007810e-02 -1.075122819228506964e-02 1.843067690106011888e-02 -1.178027431926092605e+00 2.150245638457013886e+00 1.239463021596292958e+00 3.839724354387524102e-02
-5.724208513627796480e-01 1.781632100435811550e-01 -2.518859176478215889e-01 -4.931887962336571340e-01 -1.912182728484987382e-01 2.564935868730866542e-01 7.679448708775048812e-04 9.445721911793311665e-02 5.375614096142534819e-03 -9.215338450530059441e-03 -2.909862840369537573e-01 -8.351228192285070628e-01 -1.079463021596292815e+00 -1.919862177193762051e-02 1.228711793404007810e-02 6.911503837897544147e-03 -1.133654818545495990e+00 1.075122819228506943e+00 -1.002684892018535640e-01 6.143558967020039049e-03
7.080451709490594991e-01 3.824365456969974764e-01 -5.129871737461733083e-01 -8.293804605477053116e-01 -3.563264200871623100e-01 5.037718352956431778e-01 -1.535889741755009762e-03 1.889144382358662333e-01 -2.457423586808015620e-02 -1.382300767579508829e-02 1.147309637090992318e+00 -2.150245638457013886e+00 -1.239463021596292958e+00 -1.228711793404007810e-02 -1.075122819228506964e-02 1.843067690106011888e-02 -1.178027431926092605e+00 2.150245638457013886e+00 1.239463021596292958e+00 3.839724354387524102e-02
